10000000   1.00000000  0.00000000
20000000   1.00000000  0.00000000
30000000   1.00000000  0.00000000
40000000   1.00000000  0.00000000
50000000   1.00000000  0.00000000
60000000   1.00000000  0.00000000
70000000   1.00000000  0.00000000
80000000   1.00000000  0.00000000
90000000   1.00000000  0.00000000
100000000   1.00000000  0.00000000
110000000   1.00000000  0.00000000
120000000   1.00000000  0.00000000
130000000   1.00000000  0.00000000
140000000   1.00000000  0.00000000
150000000   1.00000000  0.00000000
160000000   1.00000000  0.00000000
170000000   1.00000000  0.00000000
180000000   1.00000000  0.00000000
190000000   1.00000000  0.00000000
200000000   1.00000000  0.00000000
210000000   1.00000000  0.00000000
220000000   1.00000000  0.00000000
230000000   1.00000000  0.00000000
240000000   1.00000000  0.00000000
250000000   1.00000000  0.00000000
260000000   1.00000000  0.00000000
270000000   1.00000000  0.00000000
280000000   1.00000000  0.00000000
290000000   1.00000000  0.00000000
300000000   1.00000000  0.00000000
310000000   1.00000000  0.00000000
320000000   1.00000000  0.00000000
330000000   1.00000000  0.00000000
340000000   1.00000000  0.00000000
350000000   1.00000000  0.00000000
360000000   1.00000000  0.00000000
370000000   1.00000000  0.00000000
380000000   1.00000000  0.00000000
390000000   1.00000000  0.00000000
400000000   1.00000000  0.00000000
410000000   1.00000000  0.00000000
420000000   1.00000000  0.00000000
430000000   1.00000000  0.00000000
440000000   1.00000000  0.00000000
450000000   1.00000000  0.00000000
460000000   1.00000000  0.00000000
470000000   1.00000000  0.00000000
480000000   1.00000000  0.00000000
490000000   1.00000000  0.00000000
500000000   1.00000000  0.00000000
510000000   1.00000000  0.00000000
520000000   1.00000000  0.00000000
530000000   1.00000000  0.00000000
540000000   1.00000000  0.00000000
550000000   1.00000000  0.00000000
560000000   1.00000000  0.00000000
570000000   1.00000000  0.00000000
580000000   1.00000000  0.00000000
590000000   1.00000000  0.00000000
600000000   1.00000000  0.00000000
610000000   1.00000000  0.00000000
620000000   1.00000000  0.00000000
630000000   1.00000000  0.00000000
640000000   1.00000000  0.00000000
650000000   1.00000000  0.00000000
660000000   1.00000000  0.00000000
670000000   1.00000000  0.00000000
680000000   1.00000000  0.00000000
690000000   1.00000000  0.00000000
700000000   1.00000000  0.00000000
710000000   1.00000000  0.00000000
720000000   1.00000000  0.00000000
730000000   1.00000000  0.00000000
740000000   1.00000000  0.00000000
750000000   1.00000000  0.00000000
760000000   1.00000000  0.00000000
770000000   1.00000000  0.00000000
780000000   1.00000000  0.00000000
790000000   1.00000000  0.00000000
800000000   1.00000000  0.00000000
810000000   1.00000000  0.00000000
820000000   1.00000000  0.00000000
830000000   1.00000000  0.00000000
840000000   1.00000000  0.00000000
850000000   1.00000000  0.00000000
860000000   1.00000000  0.00000000
870000000   1.00000000  0.00000000
880000000   1.00000000  0.00000000
890000000   1.00000000  0.00000000
900000000   1.00000000  0.00000000
910000000   1.00000000  0.00000000
920000000   1.00000000  0.00000000
930000000   1.00000000  0.00000000
940000000   1.00000000  0.00000000
950000000   1.00000000  0.00000000
960000000   1.00000000  0.00000000
970000000   1.00000000  0.00000000
980000000   1.00000000  0.00000000
990000000   1.00000000  0.00000000
1000000000   1.00000000  0.00000000
